# map_1
000002222222220000
000002111111120000
000002111111120000
000002111111120000
000002111111120000
000002221112220000
000000021112000000
000000021112000000
000000021112000000
000000021112000000
002222221312222200
002111111111111200
002114111111111200
002111111411141200
002111111111111200
002114111111111200
002111111111111200
002111111111411200
002222222222222200

# map_2
000000000000002222222200
000000000000022111111220
000022222220221111411422
000221111122211141111112
000211111111111111111412
000211131111111114111112
000211111111111411111112
000221111122211111411122
000022111220221141111120
000002111200022111111220
002222111222202222222200
022111114111220000000000
021411111111120000000000
221111111111122000000000
211111111111112000000000
211111441111112000000000
211111111111112000000000
214111111411412000000000
211111111111112000000000
222111141111222000000000
002222222222200000000000

